Position	AA	DOR	EFV	ETR	NVP	RPV
98	G	15	15	10	30	15
100	I	15	60	30	60	60
100	V	10	30	10	30	15
101	E	15	15	15	30	45
101	H	0	10	10	15	10
101	P	10	60	60	60	60
103	H	0	60	0	60	0
103	N	0	60	0	60	0
103	S	0	45	0	60	0
103	T	0	15	0	60	0
106	A	60	45	0	60	0
106	I	15	0	10	10	10
106	M	30	60	0	60	0
108	I	10	10	0	15	0
138	A	0	0	10	0	15
138	G	0	10	10	10	15
138	K	0	10	10	10	45
138	Q	0	10	10	10	15
138	R	0	10	10	10	15
179	D	0	10	10	10	10
179	E	0	10	10	10	10
179	F	0	10	15	15	15
179	L	0	10	10	10	15
181	C	10	30	30	60	45
181	F	0	15	15	60	30
181	G	0	15	15	60	30
181	I	20	30	60	60	60
181	S	0	15	15	60	30
181	V	20	30	60	60	60
188	C	10	60	0	60	0
188	F	30	60	0	60	30
188	H	10	30	0	60	0
188	L	60	60	10	60	60
190	A	0	45	10	60	15
190	C	10	60	10	60	10
190	E	60	60	45	60	60
190	Q	60	60	45	60	45
190	S	30	60	10	60	15
190	T	10	60	10	60	10
190	V	10	60	10	60	10
221	Y	10	10	10	15	15
225	H	30	45	0	45	0
227	C	60	45	30	45	45
227	I	30	10	0	30	0
227	L	30	15	0	30	0
227	V	30	10	0	30	0
230	I	15	15	15	30	30
230	L	60	45	30	60	60
234	I	30	0	0	0	0
238	N	0	10	0	10	0
238	T	0	30	0	30	0
318	F	30	10	0	30	0
348	I	0	0	0	15	0
