Position	AA	ATV/r	DRV/r	FPV/r	IDV/r	LPV/r	NFV	SQV/r	TPV/r
10	F	0	5	15	10	5	15	0	0
20	T	5	0	5	5	0	15	5	0
23	I	0	0	0	0	0	15	0	0
24	F	5	0	5	5	5	10	5	0
24	I	10	0	10	15	10	10	10	-5
24	M	5	0	5	5	5	10	5	0
30	N	0	0	0	0	0	60	0	0
32	I	15	15	30	15	15	15	0	5
33	F	5	5	10	5	5	10	5	10
43	T	0	0	0	0	0	10	0	10
46	I	10	0	10	10	10	30	10	5
46	L	10	0	10	10	10	20	10	10
46	V	10	0	10	10	5	20	5	5
47	A	0	10	60	15	60	30	0	30
47	V	10	10	35	15	15	20	0	30
48	A	10	0	0	10	10	30	60	0
48	L	10	0	0	10	10	30	60	0
48	M	30	0	0	10	10	30	60	0
48	Q	10	0	0	10	10	30	60	0
48	S	10	0	0	10	10	30	60	0
48	T	10	0	0	10	10	30	60	0
48	V	30	0	0	10	10	30	60	0
50	L	60	-10	-5	-5	-10	0	-5	-5
50	V	0	20	60	0	30	15	15	-5
53	L	10	0	0	0	0	10	15	0
54	A	15	0	10	15	15	20	15	20
54	L	15	20	60	10	20	20	15	-10
54	M	15	20	60	15	20	20	15	20
54	S	15	0	10	15	15	20	15	20
54	T	15	0	10	15	15	20	15	20
54	V	15	0	10	15	15	20	15	20
58	E	0	0	0	0	0	10	0	15
73	A	10	0	10	15	5	15	15	0
73	C	10	0	10	15	5	15	15	0
73	D	5	0	5	5	5	10	10	0
73	S	10	0	10	15	5	15	15	0
73	T	10	0	10	15	5	15	15	0
73	V	5	0	5	5	5	10	10	0
74	P	10	5	10	10	5	20	10	25
76	V	0	20	60	30	30	10	0	-5
82	A	15	0	15	30	30	30	15	0
82	C	15	0	15	15	15	30	15	10
82	F	15	15	30	30	30	30	10	0
82	L	10	0	15	10	10	10	10	45
82	M	10	0	15	30	25	30	15	10
82	S	30	0	15	30	30	30	15	30
82	T	30	0	15	30	30	30	15	45
83	D	10	0	0	10	0	15	10	25
84	A	60	30	60	60	60	60	60	60
84	C	60	15	60	60	30	60	60	30
84	V	60	15	60	60	30	60	60	30
88	D	10	0	0	0	0	60	10	0
88	G	15	0	0	0	0	30	0	0
88	S	60	-5	-10	15	0	60	15	0
88	T	15	0	0	0	0	30	0	0
89	V	0	5	10	5	0	10	0	0
90	M	25	0	20	30	15	60	45	0
