Position	AA	BIC	DTG	EVG	RAL
51	Y	10	10	15	15
66	A	0	0	60	15
66	I	5	5	60	15
66	K	15	15	60	60
92	G	0	0	30	15
92	Q	10	10	60	30
92	V	0	0	60	30
95	K	0	0	10	10
97	A	0	0	10	10
118	R	15	15	30	30
121	Y	10	10	60	60
138	A	10	10	15	15
138	K	10	10	15	15
138	T	10	10	15	15
140	A	10	10	30	30
140	C	10	10	30	30
140	S	10	10	30	30
143	A	5	5	10	60
143	C	5	5	10	60
143	G	5	5	10	60
143	H	5	5	10	60
143	K	5	5	10	60
143	R	5	5	10	60
143	S	5	5	10	60
145	S	0	0	60	0
146	P	0	0	60	0
147	G	0	0	60	0
148	H	25	25	60	60
148	K	30	30	60	60
148	N	0	0	15	10
148	R	25	25	60	60
151	A	0	0	30	15
151	L	15	15	60	30
153	F	15	15	15	0
153	Y	15	15	15	0
155	H	10	10	60	60
155	S	0	0	30	30
155	T	0	0	30	30
157	Q	0	0	10	10
163	K	0	0	15	15
163	R	0	0	15	15
230	R	10	20	20	20
263	K	25	25	30	25
