Position	AA	ABC	AZT	D4T	DDI	FTC	3TC	TDF
41	L	5	15	15	10	0	0	5
62	V	5	5	5	5	5	5	5
65	E	10	0	10	10	0	0	10
65	N	30	-10	30	30	15	15	30
65	R	45	-15	60	60	30	30	60
67	E	5	10	10	5	0	0	5
67	G	5	10	10	5	0	0	5
67	H	5	10	10	5	0	0	5
67	N	5	15	15	5	0	0	5
67	S	5	10	10	5	0	0	5
67	T	5	10	10	5	0	0	5
67	d	30	30	30	30	15	15	30
68	d	15	0	30	30	15	15	15
69	D	0	0	10	30	0	0	0
69	G	10	5	10	10	0	0	5
69	i	60	60	60	60	30	30	60
69	d	15	0	30	30	15	15	15
70	E	15	-10	15	15	10	10	15
70	G	15	-10	15	15	10	10	15
70	N	15	0	15	15	10	10	15
70	Q	15	0	15	15	10	10	15
70	R	5	30	15	10	0	0	5
70	S	15	0	15	15	10	10	15
70	T	15	0	15	15	10	10	15
70	d	15	0	30	30	15	15	15
74	I	30	0	0	60	0	0	5
74	V	30	0	0	60	0	0	0
75	A	0	0	30	15	0	0	0
75	I	5	5	5	5	5	5	5
75	M	0	10	30	15	0	0	0
75	S	0	0	30	15	0	0	0
75	T	0	0	60	30	0	0	0
77	L	5	10	10	10	5	5	5
115	F	60	0	0	0	0	0	15
116	Y	10	10	10	10	5	5	5
151	L	30	30	30	30	10	10	10
151	M	60	60	60	60	15	15	15
184	I	15	-10	-10	10	60	60	-10
184	V	15	-10	-10	10	60	60	-10
210	W	5	15	15	10	0	0	5
215	A	5	20	20	10	0	0	5
215	C	5	20	20	10	0	0	5
215	D	5	20	20	10	0	0	5
215	E	5	20	20	10	0	0	5
215	F	10	40	40	15	0	0	10
215	I	5	20	20	10	0	0	5
215	L	5	20	20	10	0	0	5
215	N	5	20	20	10	0	0	5
215	S	5	20	20	10	0	0	5
215	V	5	20	20	10	0	0	5
215	Y	10	40	40	15	0	0	10
219	E	5	10	10	5	0	0	5
219	N	5	10	10	5	0	0	5
219	Q	5	10	10	5	0	0	5
219	R	5	10	10	5	0	0	5
219	W	0	10	10	5	0	0	0
